75.88255931142956
75.33993791610506
74.79811510816836
74.25708085626367
73.716826749503
73.17734597293042
72.6386332844675
72.10068499319874
71.56349893886346
71.02707447242753
70.49141243761517
69.95651515328666
69.42238639655358
68.88903138652854
68.35645676861067
67.82467059921306
67.29368233084254
66.76350279744582
66.23414419994053
65.70562009185218
65.1779453649829
64.65113623503996
64.125210227156
63.600186161236245
63.0760841370698
62.55292551914727
62.03073292112795
61.50953018990399
60.9893423892119
60.470195782744135
59.95211781671719
59.43513710185532
58.919283394752256
58.40458757857624
57.89108164308697
57.37879866393616
56.86777278122688
56.35803917730942
55.84963405379603
55.342594607778516
54.83695900723782
54.33276636563672
53.83005671569124
53.328870982319025
52.8292509547672
52.331239257924985
51.83487932283063
51.340215356384775
50.84729231028674
50.35615584921316
49.8668523182618
49.37942870968696
48.8939326289561
48.41041226016031
47.92891633081483
47.449494076088364
46.972195202503336
46.49706985115167
46.02416856047357
45.55354222864928
45.08524207565621
44.619319605045995
44.15582656549799
43.69481491220796
43.236336768171995
42.78044438542734
42.327190106313125
41.8766263248151
41.42880544805906
40.98377985801887
40.54160187350452
40.10232371249683
39.66599745489478
39.23267500574112
38.8024080589921
38.375248061895725
37.95124618004255
37.53045326315167
37.112919811653505
36.69869594412923
36.28783136566515
35.88037533717867
35.47637664577004
35.07588357615238
34.67894388320999
34.28560476573234
33.895912841369004
33.50991412284794
33.12765399549664
32.7491771961032
32.37452779315139
32.00374916846087
31.63688400026085
31.27397424772244
30.915061136972373
30.560185148607513
30.209386006726763
29.86270266949455
29.52017332124678
29.181835366147855
28.8477254234048
28.517879324041676
28.192332109235718
27.871118030213772
27.554270549706025
27.241822344951746
26.93380531225025
26.63025057304834
26.33118848155443
26.036648633868072
25.74665987861244
25.461250329056885
25.18044737671549
24.90427770640762
24.632767312765708
24.36594151817605
24.10382499213829
23.846441772029635
23.593815285260995
23.345968372812788
23.102923314139275
22.86470185343239
22.631325227236907
22.402814193411356
22.179189061431227
21.960469724033505
21.746675690204444
21.537826119515806
21.33393985781794
21.13503547430255
20.941131299951326
20.752245467392022
20.568395952187892
20.389600615592062
20.215877248804443
20.047243618774438
19.883717515600328
19.725316801582878
19.572059461999416
19.423963657672434
19.281047779416802
19.029052591886884
18.79355786123461
18.574217807194298
18.37071407118412
18.182753174575808
18.010064240889378
17.85239694667921
17.709519671205726
17.581217819409467
17.46729229639451
17.36755811472162
17.281843118414873
17.209986809789168
17.151839267075985
17.10726014242142
17.07611773119725
17.058288104741912
17.053654299664412
17.062105557725154
17.083536611074976
17.117847008305546
17.16494047735292
17.224724321816712
17.29710884771668
17.38200681811818
17.479332933422153
17.589003335442335
17.710935133685133
17.845045952511768
17.991253498100622
18.149475144342485
18.319627536996364
18.50162621560942
18.69538525286317
18.900816911151487
19.117831316323496
19.34633614863928
19.586236351086093
19.83743385529117
20.0998273253414
20.373311919883154
20.657779072925237
20.953116293806143
21.259206986812487
21.575930290949117
21.90316094036371
22.24076914591802
22.588620498376883
22.946575893652803
23.31449148049977
23.692218630995225
24.079603934084325
24.47648921238509
24.882711562370893
25.298103417953726
25.72249263739377
26.155702613355416
26.597552405820096
27.04785689745236
27.5064269708994
27.97306970738689
28.447588605856524
28.9297838217754
29.419452424634816
29.91638867304827
30.420384306256526
30.931228850752913
31.44870994065616
31.9726136503813
32.502724838094096
33.03882749837981
33.58070512251612
34.12814106471117
34.68091891265259
35.238822860711764
35.80163808416027
36.369151112780486
36.94115020229232
37.517425702069204
38.0977704176813
38.68197996687888
39.26985312771526
39.861192177604316
40.45580322221138
41.053496513188
41.65408675387825
42.25739339224632
42.863240900401365
43.4714590402233
44.08188311472315
44.694354204900314
45.308719391988916
45.92483196511049
46.54255161447588
47.16174461039851
47.7822839684983
48.40404960158749
49.02692845883616
49.650814652918
50.27560957593327
50.901222004997706
51.52756819847356
52.15457198390069
52.782164838764665
53.410285965313506
54.0388823607069
54.667908883852654
55.29732832035389
55.92711144706167
56.557237097797994
57.18769223188951
57.818472007230994
58.44957985968318
59.081027590703165
59.71283546520967
60.34503232180315
60.97765569759233
61.61075197003119
62.244376518343735
62.87859390731369
63.5134780964475
64.1491126777856
64.78559114594707
65.42301720435154
66.06150511197993
66.70118007552112
67.34217869231829
67.98464945018844
68.62875329096143
69.27466424548842
69.92257014893151
70.57267344639361
71.22519210042005
71.88036061364348
72.538431181908
73.19967499566427
73.86438371036205
74.53287111008137
75.20547499287748
