95.16360709084636
94.7639015737775
94.37017457016779
93.98239765784655
93.60054426510334
93.22458959170487
92.85451053327195
92.49028560879081
92.13189489105136
91.77931993981956
91.4325437375665
91.0915506275892
90.75632625437153
90.42685750604436
90.10313245881513
89.78514032324658
89.47287139227377
89.1663169908572
88.86546942717746
88.57032194528458
88.28086867912221
87.99710460785275
87.71902551241702
87.4466279332659
87.1799091292081
86.91886703732334
86.66350023389366
86.4138078963116
86.1697897659274
85.93144611180102
85.69877769532962
85.4717857357234
85.2504718763067
85.03483815162458
84.82488695533723
84.62062100888792
84.42204333093291
84.2291572075232
84.04196616303174
83.86047393182021
83.68468443064263
83.51460173178458
83.35023003693802
83.19157365181358
83.03863696149396
82.89142440653251
82.74994045980301
82.61418960410721
82.4841763105476
82.35990501767404
82.24138011141319
82.12860590579015
82.02158662445274
81.92032638300826
81.82482917218384
81.7350988418207
81.65113908571334
81.57295342730406
81.5005452062436
81.43391756582794
81.37307344132137
81.31801554917523
81.2687463771515
81.22526817535964
81.18758294821457
81.15569244732308
81.12959816530523
81.10930133055624
81.09480290295384
81.08610357051572
81.08320374700905
81.08610357051572
81.09480290295384
81.10930133055624
81.12959816530523
81.15569244732308
81.18758294821457
81.22526817535964
81.2687463771515
81.31801554917523
81.37307344132137
81.43391756582794
81.5005452062436
81.57295342730406
81.65113908571334
81.7350988418207
81.82482917218384
81.92032638300826
82.02158662445274
82.12860590579015
82.24138011141319
82.35990501767404
82.4841763105476
82.61418960410721
82.74994045980301
82.89142440653251
83.03863696149396
83.19157365181358
83.35023003693802
83.51460173178458
83.68468443064263
83.86047393182021
84.04196616303174
84.2291572075232
84.42204333093291
84.62062100888792
84.82488695533723
85.03483815162458
85.2504718763067
85.4717857357234
85.69877769532962
85.93144611180102
86.1697897659274
86.4138078963116
86.66350023389366
86.91886703732334
87.1799091292081
87.4466279332659
87.71902551241702
87.99710460785275
88.28086867912221
88.57032194528458
88.86546942717746
89.1663169908572
89.47287139227377
89.78514032324658
90.10313245881513
90.42685750604436
90.75632625437153
91.0915506275892
91.4325437375665
91.77931993981956
92.13189489105136
92.49028560879081
92.85451053327195
93.22458959170487
93.60054426510334
93.98239765784655
94.37017457016779
94.7639015737775
95.16360709084636
94.23452758476436
93.32642897131599
92.43860151755634
91.57038906684839
90.7211843564838
89.89042485453287
89.07758904709925
88.28219311759935
87.50378796834099
86.74195654188293
85.99631140568306
85.26649256860331
84.55216550210744
83.85301934259712
83.16876525440135
82.4991349355488
81.84387925068897
81.20276697745003
80.57558365417268
79.96213051838868
79.36222352664929
78.77569244738412
78.20238001940905
77.64214116951985
77.09484228332786
76.56036052412531
76.03858319512553
75.52940714091613
75.03273818440128
74.54849059589863
74.07658659140415
73.61695585735026
73.16953509946207
72.73426761357008
72.311102876465
71.89999615508817
71.50090813253998
71.11380454955966
70.73865586028887
70.37543690127467
70.02412657280115
69.68470753176139
69.35716589539363
69.04149095531079
68.73767490134763
68.44571255483959
68.16560111102851
67.8973398903658
67.64093009855313
67.39637459522291
67.16367767121854
66.94284483448568
66.73388260463142
66.53679831624916
66.35159993114173
66.17829585960516
66.01689479095975
65.86740553353538
65.72983686433125
65.6041973885807
65.4904954094561
65.38873880814886
65.29893493455592
65.2210905087951
65.15521153376007
65.10130321890912
65.0593699154641
65.02941506317228
65.01144114876111
65.00544967618819
65.01144114876111
65.02941506317228
65.0593699154641
65.10130321890912
65.15521153376007
65.2210905087951
65.29893493455592
65.38873880814886
65.4904954094561
65.6041973885807
65.72983686433125
65.86740553353538
66.01689479095975
66.17829585960516
66.35159993114173
66.53679831624916
66.73388260463142
66.94284483448568
67.16367767121854
67.39637459522291
67.64093009855313
67.8973398903658
68.16560111102851
68.44571255483959
68.73767490134763
69.04149095531079
69.35716589539363
69.68470753176139
70.02412657280115
70.37543690127467
70.73865586028887
71.11380454955966
71.50090813253998
71.89999615508817
72.311102876465
72.73426761357008
73.16953509946207
73.61695585735026
74.07658659140415
74.54849059589863
75.03273818440128
75.52940714091613
76.03858319512553
76.56036052412531
77.09484228332786
77.64214116951985
78.20238001940905
78.77569244738412
79.36222352664929
79.96213051838868
80.57558365417268
81.20276697745003
81.84387925068897
82.4991349355488
83.16876525440135
83.85301934259712
84.55216550210744
85.26649256860331
85.99631140568306
86.74195654188293
87.50378796834099
88.28219311759935
89.07758904709925
89.89042485453287
90.7211843564838
91.57038906684839
92.43860151755634
93.32642897131599
94.23452758476436
